# Результаты расчета кинематики КШМ
# Дата создания: Sat Nov 08 18:34:09 2025
# Параметры расчета:
# Шаг угла α: 1 град.
# Предел угла α: 360 град.
# Радиус кривошипа 0.02 м
# λ: 0.3
# Частота вращения: 4800 об/мин
# Угол развала: 0 град.
# Угол прицепного шатуна: 0 град.
# Дезаксиал: 0 м
# Количество точек расчета: 361

ГЛАВНЫЙ ЦИЛИНДР:
==================================================================================================================================
|  α [град] |   S полн [м]  |   S1 [м]   |   S2 [м]   |  V полн [м/с] |   V1 [м/с]  |   V2 [м/с]  | A полн [м/с²] |  A1 [м/с²]  |  A2 [м/с²]  |
==================================================================================================================================
|    0.0000 |       0.0000 |     0.0000 |     0.0000 |        0.0000 |      0.0000 |      0.0000 |     6569.2087 |   5053.2375 |   1515.9712 |
|    1.0000 |       0.0000 |     0.0000 |     0.0000 |        0.2281 |      0.1755 |      0.0526 |     6567.5779 |   5052.4678 |   1515.0477 |
|    2.0000 |       0.0000 |     0.0000 |     0.0000 |        0.4560 |      0.3508 |      0.1052 |     6562.6865 |   5050.1592 |   1512.2784 |
|    3.0000 |       0.0000 |     0.0000 |     0.0000 |        0.6838 |      0.5261 |      0.1576 |     6554.5374 |   5046.3122 |   1507.6666 |
|    4.0000 |       0.0001 |     0.0000 |     0.0000 |        0.9112 |      0.7013 |      0.2099 |     6543.1359 |   5040.9280 |   1501.2179 |
|    5.0000 |       0.0001 |     0.0001 |     0.0000 |        1.1381 |      0.8762 |      0.2619 |     6528.4888 |   5034.0084 |   1492.9402 |
|    6.0000 |       0.0001 |     0.0001 |     0.0000 |        1.3645 |      1.0508 |      0.3135 |     6510.6052 |   5025.5553 |   1482.8436 |
|    7.0000 |       0.0002 |     0.0001 |     0.0000 |        1.5902 |      1.2252 |      0.3648 |     6489.4962 |   5015.5714 |   1470.9404 |
|    8.0000 |       0.0003 |     0.0002 |     0.0001 |        1.8151 |      1.3991 |      0.4157 |     6465.1749 |   5004.0597 |   1457.2451 |
|    9.0000 |       0.0003 |     0.0002 |     0.0001 |        2.0392 |      1.5727 |      0.4660 |     6437.6563 |   4991.0237 |   1441.7743 |
|   10.0000 |       0.0004 |     0.0003 |     0.0001 |        2.2622 |      1.7457 |      0.5158 |     6406.9577 |   4976.4674 |   1424.5470 |
|   11.0000 |       0.0005 |     0.0004 |     0.0001 |        2.4840 |      1.9182 |      0.5649 |     6373.0980 |   4960.3952 |   1405.5841 |
|   12.0000 |       0.0006 |     0.0004 |     0.0001 |        2.7047 |      2.0902 |      0.6133 |     6336.0985 |   4942.8121 |   1384.9086 |
|   13.0000 |       0.0007 |     0.0005 |     0.0002 |        2.9240 |      2.2615 |      0.6610 |     6295.9824 |   4923.7233 |   1362.5459 |
|   14.0000 |       0.0008 |     0.0006 |     0.0002 |        3.1419 |      2.4321 |      0.7079 |     6252.7747 |   4903.1347 |   1338.5232 |
|   15.0000 |       0.0009 |     0.0007 |     0.0002 |        3.3582 |      2.6019 |      0.7540 |     6206.5027 |   4881.0526 |   1312.8696 |
|   16.0000 |       0.0010 |     0.0008 |     0.0002 |        3.5729 |      2.7710 |      0.7991 |     6157.1957 |   4857.4836 |   1285.6165 |
|   17.0000 |       0.0011 |     0.0009 |     0.0003 |        3.7857 |      2.9392 |      0.8432 |     6104.8848 |   4832.4350 |   1256.7971 |
|   18.0000 |       0.0013 |     0.0010 |     0.0003 |        3.9968 |      3.1066 |      0.8864 |     6049.6034 |   4805.9144 |   1226.4465 |
|   19.0000 |       0.0014 |     0.0011 |     0.0003 |        4.2058 |      3.2730 |      0.9284 |     5991.3866 |   4777.9299 |   1194.6016 |
|   20.0000 |       0.0016 |     0.0012 |     0.0004 |        4.4128 |      3.4384 |      0.9693 |     5930.2718 |   4748.4899 |   1161.3013 |
|   21.0000 |       0.0017 |     0.0013 |     0.0004 |        4.6176 |      3.6027 |      1.0090 |     5866.2982 |   4717.6036 |   1126.5862 |
|   22.0000 |       0.0019 |     0.0015 |     0.0004 |        4.8202 |      3.7660 |      1.0475 |     5799.5072 |   4685.2802 |   1090.4984 |
|   23.0000 |       0.0020 |     0.0016 |     0.0005 |        5.0203 |      3.9281 |      1.0847 |     5729.9420 |   4651.5296 |   1053.0821 |
|   24.0000 |       0.0022 |     0.0017 |     0.0005 |        5.2180 |      4.0890 |      1.1206 |     5657.6479 |   4616.3621 |   1014.3828 |
|   25.0000 |       0.0024 |     0.0019 |     0.0005 |        5.4132 |      4.2486 |      1.1552 |     5582.6723 |   4579.7885 |    974.4475 |
|   26.0000 |       0.0026 |     0.0020 |     0.0006 |        5.6057 |      4.4070 |      1.1883 |     5505.0643 |   4541.8197 |    933.3251 |
|   27.0000 |       0.0028 |     0.0022 |     0.0006 |        5.7955 |      4.5640 |      1.2200 |     5424.8751 |   4502.4675 |    891.0655 |
|   28.0000 |       0.0030 |     0.0023 |     0.0007 |        5.9824 |      4.7196 |      1.2502 |     5342.1579 |   4461.7438 |    847.7204 |
|   29.0000 |       0.0032 |     0.0025 |     0.0007 |        6.1664 |      4.8738 |      1.2788 |     5256.9679 |   4419.6611 |    803.3424 |
|   30.0000 |       0.0034 |     0.0027 |     0.0007 |        6.3474 |      5.0265 |      1.3059 |     5169.3620 |   4376.2320 |    757.9856 |
|   31.0000 |       0.0037 |     0.0029 |     0.0008 |        6.5254 |      5.1777 |      1.3315 |     5079.3991 |   4331.4699 |    711.7054 |
|   32.0000 |       0.0039 |     0.0030 |     0.0008 |        6.7001 |      5.3273 |      1.3553 |     4987.1400 |   4285.3884 |    664.5580 |
|   33.0000 |       0.0041 |     0.0032 |     0.0009 |        6.8717 |      5.4753 |      1.3776 |     4892.6475 |   4238.0015 |    616.6011 |
|   34.0000 |       0.0044 |     0.0034 |     0.0009 |        7.0399 |      5.6216 |      1.3982 |     4795.9859 |   4189.3237 |    567.8928 |
|   35.0000 |       0.0046 |     0.0036 |     0.0010 |        7.2047 |      5.7662 |      1.4170 |     4697.2216 |   4139.3698 |    518.4927 |
|   36.0000 |       0.0049 |     0.0038 |     0.0010 |        7.3661 |      5.9091 |      1.4342 |     4596.4227 |   4088.1550 |    468.4609 |
|   37.0000 |       0.0051 |     0.0040 |     0.0011 |        7.5239 |      6.0501 |      1.4495 |     4493.6588 |   4035.6949 |    417.8583 |
|   38.0000 |       0.0054 |     0.0042 |     0.0011 |        7.6781 |      6.1893 |      1.4632 |     4389.0016 |   3982.0055 |    366.7466 |
|   39.0000 |       0.0057 |     0.0045 |     0.0012 |        7.8286 |      6.3266 |      1.4750 |     4282.5241 |   3927.1031 |    315.1881 |
|   40.0000 |       0.0059 |     0.0047 |     0.0012 |        7.9755 |      6.4620 |      1.4851 |     4174.3012 |   3871.0045 |    263.2456 |
|   41.0000 |       0.0062 |     0.0049 |     0.0013 |        8.1185 |      6.5954 |      1.4933 |     4064.4091 |   3813.7267 |    210.9824 |
|   42.0000 |       0.0065 |     0.0051 |     0.0013 |        8.2577 |      6.7268 |      1.4997 |     3952.9256 |   3755.2873 |    158.4621 |
|   43.0000 |       0.0068 |     0.0054 |     0.0014 |        8.3930 |      6.8562 |      1.5043 |     3839.9301 |   3695.7039 |    105.7488 |
|   44.0000 |       0.0071 |     0.0056 |     0.0014 |        8.5243 |      6.9835 |      1.5070 |     3725.5032 |   3634.9948 |     52.9066 |
|   45.0000 |       0.0074 |     0.0059 |     0.0015 |        8.6517 |      7.1086 |      1.5080 |     3609.7269 |   3573.1785 |      0.0000 |
|   46.0000 |       0.0077 |     0.0061 |     0.0016 |        8.7750 |      7.2316 |      1.5070 |     3492.6845 |   3510.2737 |    -52.9066 |
|   47.0000 |       0.0080 |     0.0064 |     0.0016 |        8.8942 |      7.3524 |      1.5043 |     3374.4604 |   3446.2997 |   -105.7488 |
|   48.0000 |       0.0083 |     0.0066 |     0.0017 |        9.0093 |      7.4709 |      1.4997 |     3255.1403 |   3381.2758 |   -158.4621 |
|   49.0000 |       0.0086 |     0.0069 |     0.0017 |        9.1203 |      7.5872 |      1.4933 |     3134.8106 |   3315.2221 |   -210.9824 |
|   50.0000 |       0.0089 |     0.0071 |     0.0018 |        9.2270 |      7.7011 |      1.4851 |     3013.5590 |   3248.1584 |   -263.2456 |
|   51.0000 |       0.0093 |     0.0074 |     0.0018 |        9.3295 |      7.8127 |      1.4750 |     2891.4740 |   3180.1054 |   -315.1881 |
|   52.0000 |       0.0096 |     0.0077 |     0.0019 |        9.4278 |      7.9219 |      1.4632 |     2768.6446 |   3111.0836 |   -366.7466 |
|   53.0000 |       0.0099 |     0.0080 |     0.0019 |        9.5218 |      8.0288 |      1.4495 |     2645.1607 |   3041.1142 |   -417.8583 |
|   54.0000 |       0.0102 |     0.0082 |     0.0020 |        9.6115 |      8.1331 |      1.4342 |     2521.1127 |   2970.2185 |   -468.4609 |
|   55.0000 |       0.0106 |     0.0085 |     0.0020 |        9.6969 |      8.2350 |      1.4170 |     2396.5916 |   2898.4179 |   -518.4927 |
|   56.0000 |       0.0109 |     0.0088 |     0.0021 |        9.7779 |      8.3344 |      1.3982 |     2271.6885 |   2825.7345 |   -567.8928 |
|   57.0000 |       0.0113 |     0.0091 |     0.0021 |        9.8546 |      8.4312 |      1.3776 |     2146.4950 |   2752.1904 |   -616.6011 |
|   58.0000 |       0.0116 |     0.0094 |     0.0022 |        9.9270 |      8.5255 |      1.3553 |     2021.1027 |   2677.8079 |   -664.5580 |
|   59.0000 |       0.0119 |     0.0097 |     0.0022 |        9.9950 |      8.6172 |      1.3315 |     1895.6031 |   2602.6097 |   -711.7054 |
|   60.0000 |       0.0123 |     0.0100 |     0.0022 |       10.0586 |      8.7062 |      1.3059 |     1770.0879 |   2526.6187 |   -757.9856 |
|   61.0000 |       0.0126 |     0.0103 |     0.0023 |       10.1179 |      8.7926 |      1.2788 |     1644.6483 |   2449.8581 |   -803.3424 |
|   62.0000 |       0.0130 |     0.0106 |     0.0023 |       10.1728 |      8.8764 |      1.2502 |     1519.3753 |   2372.3513 |   -847.7204 |
|   63.0000 |       0.0133 |     0.0109 |     0.0024 |       10.2234 |      8.9574 |      1.2200 |     1394.3592 |   2294.1218 |   -891.0655 |
|   64.0000 |       0.0137 |     0.0112 |     0.0024 |       10.2697 |      9.0357 |      1.1883 |     1269.6898 |   2215.1935 |   -933.3251 |
|   65.0000 |       0.0141 |     0.0115 |     0.0025 |       10.3116 |      9.1112 |      1.1552 |     1145.4563 |   2135.5904 |   -974.4475 |
|   66.0000 |       0.0144 |     0.0119 |     0.0025 |       10.3492 |      9.1840 |      1.1206 |     1021.7467 |   2055.3368 |  -1014.3828 |
|   67.0000 |       0.0148 |     0.0122 |     0.0025 |       10.3826 |      9.2539 |      1.0847 |      898.6483 |   1974.4572 |  -1053.0821 |
|   68.0000 |       0.0151 |     0.0125 |     0.0026 |       10.4116 |      9.3211 |      1.0475 |      776.2469 |   1892.9761 |  -1090.4984 |
|   69.0000 |       0.0155 |     0.0128 |     0.0026 |       10.4365 |      9.3854 |      1.0090 |      654.6274 |   1810.9183 |  -1126.5862 |
|   70.0000 |       0.0159 |     0.0132 |     0.0026 |       10.4571 |      9.4468 |      0.9693 |      533.8730 |   1728.3090 |  -1161.3013 |
|   71.0000 |       0.0162 |     0.0135 |     0.0027 |       10.4736 |      9.5054 |      0.9284 |      414.0654 |   1645.1732 |  -1194.6016 |
|   72.0000 |       0.0166 |     0.0138 |     0.0027 |       10.4859 |      9.5611 |      0.8864 |      295.2846 |   1561.5362 |  -1226.4465 |
|   73.0000 |       0.0170 |     0.0142 |     0.0027 |       10.4941 |      9.6138 |      0.8432 |      177.6088 |   1477.4236 |  -1256.7971 |
|   74.0000 |       0.0173 |     0.0145 |     0.0028 |       10.4982 |      9.6637 |      0.7991 |       61.1144 |   1392.8610 |  -1285.6165 |
|   75.0000 |       0.0177 |     0.0148 |     0.0028 |       10.4983 |      9.7105 |      0.7540 |      -54.1244 |   1307.8741 |  -1312.8696 |
|   76.0000 |       0.0180 |     0.0152 |     0.0028 |       10.4945 |      9.7545 |      0.7079 |     -168.0358 |   1222.4888 |  -1338.5232 |
|   77.0000 |       0.0184 |     0.0155 |     0.0028 |       10.4867 |      9.7954 |      0.6610 |     -280.5498 |   1136.7311 |  -1362.5459 |
|   78.0000 |       0.0188 |     0.0158 |     0.0029 |       10.4750 |      9.8334 |      0.6133 |     -391.5993 |   1050.6271 |  -1384.9086 |
|   79.0000 |       0.0191 |     0.0162 |     0.0029 |       10.4595 |      9.8684 |      0.5649 |     -501.1193 |    964.2032 |  -1405.5841 |
|   80.0000 |       0.0195 |     0.0165 |     0.0029 |       10.4402 |      9.9004 |      0.5158 |     -609.0479 |    877.4855 |  -1424.5470 |
|   81.0000 |       0.0199 |     0.0169 |     0.0029 |       10.4172 |      9.9293 |      0.4660 |     -715.3254 |    790.5005 |  -1441.7743 |
|   82.0000 |       0.0202 |     0.0172 |     0.0029 |       10.3906 |      9.9553 |      0.4157 |     -819.8954 |    703.2747 |  -1457.2451 |
|   83.0000 |       0.0206 |     0.0176 |     0.0030 |       10.3603 |      9.9782 |      0.3648 |     -922.7040 |    615.8347 |  -1470.9404 |
|   84.0000 |       0.0209 |     0.0179 |     0.0030 |       10.3265 |      9.9980 |      0.3135 |    -1023.7004 |    528.2071 |  -1482.8436 |
|   85.0000 |       0.0213 |     0.0183 |     0.0030 |       10.2892 |     10.0148 |      0.2619 |    -1122.8369 |    440.4187 |  -1492.9402 |
|   86.0000 |       0.0217 |     0.0186 |     0.0030 |       10.2486 |     10.0286 |      0.2099 |    -1220.0689 |    352.4960 |  -1501.2179 |
|   87.0000 |       0.0220 |     0.0190 |     0.0030 |       10.2045 |     10.0393 |      0.1576 |    -1315.3548 |    264.4660 |  -1507.6666 |
|   88.0000 |       0.0224 |     0.0193 |     0.0030 |       10.1572 |     10.0470 |      0.1052 |    -1408.6564 |    176.3554 |  -1512.2784 |
|   89.0000 |       0.0227 |     0.0197 |     0.0030 |       10.1067 |     10.0516 |      0.0526 |    -1499.9387 |     88.1912 |  -1515.0477 |
|   90.0000 |       0.0231 |     0.0200 |     0.0030 |       10.0531 |     10.0531 |      0.0000 |    -1589.1697 |      0.0000 |  -1515.9712 |
|   91.0000 |       0.0234 |     0.0203 |     0.0030 |        9.9964 |     10.0516 |     -0.0526 |    -1676.3210 |    -88.1912 |  -1515.0477 |
|   92.0000 |       0.0238 |     0.0207 |     0.0030 |        9.9367 |     10.0470 |     -0.1052 |    -1761.3673 |   -176.3554 |  -1512.2784 |
|   93.0000 |       0.0241 |     0.0210 |     0.0030 |        9.8741 |     10.0393 |     -0.1576 |    -1844.2869 |   -264.4660 |  -1507.6666 |
|   94.0000 |       0.0245 |     0.0214 |     0.0030 |        9.8087 |     10.0286 |     -0.2099 |    -1925.0609 |   -352.4960 |  -1501.2179 |
|   95.0000 |       0.0248 |     0.0217 |     0.0030 |        9.7404 |     10.0148 |     -0.2619 |    -2003.6742 |   -440.4187 |  -1492.9402 |
|   96.0000 |       0.0251 |     0.0221 |     0.0030 |        9.6695 |      9.9980 |     -0.3135 |    -2080.1147 |   -528.2071 |  -1482.8436 |
|   97.0000 |       0.0255 |     0.0224 |     0.0030 |        9.5960 |      9.9782 |     -0.3648 |    -2154.3734 |   -615.8347 |  -1470.9404 |
|   98.0000 |       0.0258 |     0.0228 |     0.0029 |        9.5200 |      9.9553 |     -0.4157 |    -2226.4448 |   -703.2747 |  -1457.2451 |
|   99.0000 |       0.0261 |     0.0231 |     0.0029 |        9.4414 |      9.9293 |     -0.4660 |    -2296.3264 |   -790.5005 |  -1441.7743 |
|  100.0000 |       0.0264 |     0.0235 |     0.0029 |        9.3605 |      9.9004 |     -0.5158 |    -2364.0188 |   -877.4855 |  -1424.5470 |
|  101.0000 |       0.0268 |     0.0238 |     0.0029 |        9.2773 |      9.8684 |     -0.5649 |    -2429.5257 |   -964.2032 |  -1405.5841 |
|  102.0000 |       0.0271 |     0.0242 |     0.0029 |        9.1918 |      9.8334 |     -0.6133 |    -2492.8535 |  -1050.6271 |  -1384.9086 |
|  103.0000 |       0.0274 |     0.0245 |     0.0028 |        9.1042 |      9.7954 |     -0.6610 |    -2554.0120 |  -1136.7311 |  -1362.5459 |
|  104.0000 |       0.0277 |     0.0248 |     0.0028 |        9.0145 |      9.7545 |     -0.7079 |    -2613.0133 |  -1222.4888 |  -1338.5232 |
|  105.0000 |       0.0280 |     0.0252 |     0.0028 |        8.9228 |      9.7105 |     -0.7540 |    -2669.8726 |  -1307.8741 |  -1312.8696 |
|  106.0000 |       0.0283 |     0.0255 |     0.0028 |        8.8291 |      9.6637 |     -0.7991 |    -2724.6076 |  -1392.8610 |  -1285.6165 |
|  107.0000 |       0.0286 |     0.0258 |     0.0027 |        8.7336 |      9.6138 |     -0.8432 |    -2777.2385 |  -1477.4236 |  -1256.7971 |
|  108.0000 |       0.0290 |     0.0262 |     0.0027 |        8.6363 |      9.5611 |     -0.8864 |    -2827.7879 |  -1561.5362 |  -1226.4465 |
|  109.0000 |       0.0292 |     0.0265 |     0.0027 |        8.5372 |      9.5054 |     -0.9284 |    -2876.2810 |  -1645.1732 |  -1194.6016 |
|  110.0000 |       0.0295 |     0.0268 |     0.0026 |        8.4365 |      9.4468 |     -0.9693 |    -2922.7450 |  -1728.3090 |  -1161.3013 |
|  111.0000 |       0.0298 |     0.0272 |     0.0026 |        8.3343 |      9.3854 |     -1.0090 |    -2967.2093 |  -1810.9183 |  -1126.5862 |
|  112.0000 |       0.0301 |     0.0275 |     0.0026 |        8.2305 |      9.3211 |     -1.0475 |    -3009.7052 |  -1892.9761 |  -1090.4984 |
|  113.0000 |       0.0304 |     0.0278 |     0.0025 |        8.1253 |      9.2539 |     -1.0847 |    -3050.2661 |  -1974.4572 |  -1053.0821 |
|  114.0000 |       0.0307 |     0.0281 |     0.0025 |        8.0187 |      9.1840 |     -1.1206 |    -3088.9270 |  -2055.3368 |  -1014.3828 |
|  115.0000 |       0.0310 |     0.0285 |     0.0025 |        7.9108 |      9.1112 |     -1.1552 |    -3125.7246 |  -2135.5904 |   -974.4475 |
|  116.0000 |       0.0312 |     0.0288 |     0.0024 |        7.8017 |      9.0357 |     -1.1883 |    -3160.6972 |  -2215.1935 |   -933.3251 |
|  117.0000 |       0.0315 |     0.0291 |     0.0024 |        7.6913 |      8.9574 |     -1.2200 |    -3193.8844 |  -2294.1218 |   -891.0655 |
|  118.0000 |       0.0318 |     0.0294 |     0.0023 |        7.5799 |      8.8764 |     -1.2502 |    -3225.3273 |  -2372.3513 |   -847.7204 |
|  119.0000 |       0.0320 |     0.0297 |     0.0023 |        7.4674 |      8.7926 |     -1.2788 |    -3255.0679 |  -2449.8581 |   -803.3424 |
|  120.0000 |       0.0323 |     0.0300 |     0.0023 |        7.3539 |      8.7062 |     -1.3059 |    -3283.1495 |  -2526.6187 |   -757.9856 |
|  121.0000 |       0.0325 |     0.0303 |     0.0022 |        7.2394 |      8.6172 |     -1.3315 |    -3309.6162 |  -2602.6097 |   -711.7054 |
|  122.0000 |       0.0328 |     0.0306 |     0.0022 |        7.1240 |      8.5255 |     -1.3553 |    -3334.5131 |  -2677.8079 |   -664.5580 |
|  123.0000 |       0.0330 |     0.0309 |     0.0021 |        7.0079 |      8.4312 |     -1.3776 |    -3357.8858 |  -2752.1904 |   -616.6011 |
|  124.0000 |       0.0333 |     0.0312 |     0.0021 |        6.8909 |      8.3344 |     -1.3982 |    -3379.7806 |  -2825.7345 |   -567.8928 |
|  125.0000 |       0.0335 |     0.0315 |     0.0020 |        6.7732 |      8.2350 |     -1.4170 |    -3400.2443 |  -2898.4179 |   -518.4927 |
|  126.0000 |       0.0337 |     0.0318 |     0.0020 |        6.6548 |      8.1331 |     -1.4342 |    -3419.3242 |  -2970.2185 |   -468.4609 |
|  127.0000 |       0.0340 |     0.0320 |     0.0019 |        6.5357 |      8.0288 |     -1.4495 |    -3437.0678 |  -3041.1142 |   -417.8583 |
|  128.0000 |       0.0342 |     0.0323 |     0.0019 |        6.4161 |      7.9219 |     -1.4632 |    -3453.5227 |  -3111.0836 |   -366.7466 |
|  129.0000 |       0.0344 |     0.0326 |     0.0018 |        6.2959 |      7.8127 |     -1.4750 |    -3468.7368 |  -3180.1054 |   -315.1881 |
|  130.0000 |       0.0346 |     0.0329 |     0.0018 |        6.1752 |      7.7011 |     -1.4851 |    -3482.7578 |  -3248.1584 |   -263.2456 |
|  131.0000 |       0.0349 |     0.0331 |     0.0017 |        6.0541 |      7.5872 |     -1.4933 |    -3495.6335 |  -3315.2221 |   -210.9824 |
|  132.0000 |       0.0351 |     0.0334 |     0.0017 |        5.9325 |      7.4709 |     -1.4997 |    -3507.4114 |  -3381.2758 |   -158.4621 |
|  133.0000 |       0.0353 |     0.0336 |     0.0016 |        5.8105 |      7.3524 |     -1.5043 |    -3518.1389 |  -3446.2997 |   -105.7488 |
|  134.0000 |       0.0355 |     0.0339 |     0.0016 |        5.6882 |      7.2316 |     -1.5070 |    -3527.8629 |  -3510.2737 |    -52.9066 |
|  135.0000 |       0.0357 |     0.0341 |     0.0015 |        5.5655 |      7.1086 |     -1.5080 |    -3536.6301 |  -3573.1785 |     -0.0000 |
|  136.0000 |       0.0359 |     0.0344 |     0.0014 |        5.4426 |      6.9835 |     -1.5070 |    -3544.4865 |  -3634.9948 |     52.9066 |
|  137.0000 |       0.0360 |     0.0346 |     0.0014 |        5.3194 |      6.8562 |     -1.5043 |    -3551.4778 |  -3695.7039 |    105.7488 |
|  138.0000 |       0.0362 |     0.0349 |     0.0013 |        5.1960 |      6.7268 |     -1.4997 |    -3557.6489 |  -3755.2873 |    158.4621 |
|  139.0000 |       0.0364 |     0.0351 |     0.0013 |        5.0723 |      6.5954 |     -1.4933 |    -3563.0444 |  -3813.7267 |    210.9824 |
|  140.0000 |       0.0366 |     0.0353 |     0.0012 |        4.9485 |      6.4620 |     -1.4851 |    -3567.7078 |  -3871.0045 |    263.2456 |
|  141.0000 |       0.0367 |     0.0355 |     0.0012 |        4.8246 |      6.3266 |     -1.4750 |    -3571.6820 |  -3927.1031 |    315.1881 |
|  142.0000 |       0.0369 |     0.0358 |     0.0011 |        4.7005 |      6.1893 |     -1.4632 |    -3575.0093 |  -3982.0055 |    366.7466 |
|  143.0000 |       0.0371 |     0.0360 |     0.0011 |        4.5763 |      6.0501 |     -1.4495 |    -3577.7309 |  -4035.6949 |    417.8583 |
|  144.0000 |       0.0372 |     0.0362 |     0.0010 |        4.4521 |      5.9091 |     -1.4342 |    -3579.8873 |  -4088.1550 |    468.4609 |
|  145.0000 |       0.0374 |     0.0364 |     0.0010 |        4.3277 |      5.7662 |     -1.4170 |    -3581.5180 |  -4139.3698 |    518.4927 |
|  146.0000 |       0.0375 |     0.0366 |     0.0009 |        4.2034 |      5.6216 |     -1.3982 |    -3582.6615 |  -4189.3237 |    567.8928 |
|  147.0000 |       0.0377 |     0.0368 |     0.0009 |        4.0789 |      5.4753 |     -1.3776 |    -3583.3556 |  -4238.0015 |    616.6011 |
|  148.0000 |       0.0378 |     0.0370 |     0.0008 |        3.9545 |      5.3273 |     -1.3553 |    -3583.6368 |  -4285.3884 |    664.5580 |
|  149.0000 |       0.0379 |     0.0371 |     0.0008 |        3.8301 |      5.1777 |     -1.3315 |    -3583.5407 |  -4331.4699 |    711.7054 |
|  150.0000 |       0.0381 |     0.0373 |     0.0007 |        3.7057 |      5.0265 |     -1.3059 |    -3583.1021 |  -4376.2320 |    757.9856 |
|  151.0000 |       0.0382 |     0.0375 |     0.0007 |        3.5813 |      4.8738 |     -1.2788 |    -3582.3542 |  -4419.6611 |    803.3424 |
|  152.0000 |       0.0383 |     0.0377 |     0.0007 |        3.4569 |      4.7196 |     -1.2502 |    -3581.3297 |  -4461.7438 |    847.7204 |
|  153.0000 |       0.0384 |     0.0378 |     0.0006 |        3.3326 |      4.5640 |     -1.2200 |    -3580.0600 |  -4502.4675 |    891.0655 |
|  154.0000 |       0.0386 |     0.0380 |     0.0006 |        3.2083 |      4.4070 |     -1.1883 |    -3578.5752 |  -4541.8197 |    933.3251 |
|  155.0000 |       0.0387 |     0.0381 |     0.0005 |        3.0841 |      4.2486 |     -1.1552 |    -3576.9046 |  -4579.7885 |    974.4475 |
|  156.0000 |       0.0388 |     0.0383 |     0.0005 |        2.9599 |      4.0890 |     -1.1206 |    -3575.0763 |  -4616.3621 |   1014.3828 |
|  157.0000 |       0.0389 |     0.0384 |     0.0005 |        2.8358 |      3.9281 |     -1.0847 |    -3573.1172 |  -4651.5296 |   1053.0821 |
|  158.0000 |       0.0390 |     0.0385 |     0.0004 |        2.7118 |      3.7660 |     -1.0475 |    -3571.0532 |  -4685.2802 |   1090.4984 |
|  159.0000 |       0.0391 |     0.0387 |     0.0004 |        2.5878 |      3.6027 |     -1.0090 |    -3568.9090 |  -4717.6036 |   1126.5862 |
|  160.0000 |       0.0391 |     0.0388 |     0.0004 |        2.4639 |      3.4384 |     -0.9693 |    -3566.7081 |  -4748.4899 |   1161.3013 |
|  161.0000 |       0.0392 |     0.0389 |     0.0003 |        2.3401 |      3.2730 |     -0.9284 |    -3564.4732 |  -4777.9299 |   1194.6016 |
|  162.0000 |       0.0393 |     0.0390 |     0.0003 |        2.2164 |      3.1066 |     -0.8864 |    -3562.2255 |  -4805.9144 |   1226.4465 |
|  163.0000 |       0.0394 |     0.0391 |     0.0003 |        2.0927 |      2.9392 |     -0.8432 |    -3559.9852 |  -4832.4350 |   1256.7971 |
|  164.0000 |       0.0395 |     0.0392 |     0.0002 |        1.9692 |      2.7710 |     -0.7991 |    -3557.7715 |  -4857.4836 |   1285.6165 |
|  165.0000 |       0.0395 |     0.0393 |     0.0002 |        1.8457 |      2.6019 |     -0.7540 |    -3555.6024 |  -4881.0526 |   1312.8696 |
|  166.0000 |       0.0396 |     0.0394 |     0.0002 |        1.7222 |      2.4321 |     -0.7079 |    -3553.4947 |  -4903.1347 |   1338.5232 |
|  167.0000 |       0.0396 |     0.0395 |     0.0002 |        1.5989 |      2.2615 |     -0.6610 |    -3551.4642 |  -4923.7233 |   1362.5459 |
|  168.0000 |       0.0397 |     0.0396 |     0.0001 |        1.4756 |      2.0902 |     -0.6133 |    -3549.5256 |  -4942.8121 |   1384.9086 |
|  169.0000 |       0.0397 |     0.0396 |     0.0001 |        1.3524 |      1.9182 |     -0.5649 |    -3547.6925 |  -4960.3952 |   1405.5841 |
|  170.0000 |       0.0398 |     0.0397 |     0.0001 |        1.2292 |      1.7457 |     -0.5158 |    -3545.9772 |  -4976.4674 |   1424.5470 |
|  171.0000 |       0.0398 |     0.0398 |     0.0001 |        1.1062 |      1.5727 |     -0.4660 |    -3544.3911 |  -4991.0237 |   1441.7743 |
|  172.0000 |       0.0399 |     0.0398 |     0.0001 |        0.9831 |      1.3991 |     -0.4157 |    -3542.9445 |  -5004.0597 |   1457.2451 |
|  173.0000 |       0.0399 |     0.0399 |     0.0000 |        0.8601 |      1.2252 |     -0.3648 |    -3541.6466 |  -5015.5714 |   1470.9404 |
|  174.0000 |       0.0399 |     0.0399 |     0.0000 |        0.7372 |      1.0508 |     -0.3135 |    -3540.5054 |  -5025.5553 |   1482.8436 |
|  175.0000 |       0.0399 |     0.0399 |     0.0000 |        0.6142 |      0.8762 |     -0.2619 |    -3539.5280 |  -5034.0084 |   1492.9402 |
|  176.0000 |       0.0400 |     0.0400 |     0.0000 |        0.4914 |      0.7013 |     -0.2099 |    -3538.7202 |  -5040.9280 |   1501.2179 |
|  177.0000 |       0.0400 |     0.0400 |     0.0000 |        0.3685 |      0.5261 |     -0.1576 |    -3538.0869 |  -5046.3122 |   1507.6666 |
|  178.0000 |       0.0400 |     0.0400 |     0.0000 |        0.2457 |      0.3508 |     -0.1052 |    -3537.6319 |  -5050.1592 |   1512.2784 |
|  179.0000 |       0.0400 |     0.0400 |     0.0000 |        0.1228 |      0.1755 |     -0.0526 |    -3537.3578 |  -5052.4678 |   1515.0477 |
|  180.0000 |       0.0400 |     0.0400 |     0.0000 |        0.0000 |      0.0000 |     -0.0000 |    -3537.2662 |  -5053.2375 |   1515.9712 |
|  181.0000 |       0.0400 |     0.0400 |     0.0000 |       -0.1228 |     -0.1755 |      0.0526 |    -3537.3578 |  -5052.4678 |   1515.0477 |
|  182.0000 |       0.0400 |     0.0400 |     0.0000 |       -0.2457 |     -0.3508 |      0.1052 |    -3537.6319 |  -5050.1592 |   1512.2784 |
|  183.0000 |       0.0400 |     0.0400 |     0.0000 |       -0.3685 |     -0.5261 |      0.1576 |    -3538.0869 |  -5046.3122 |   1507.6666 |
|  184.0000 |       0.0400 |     0.0400 |     0.0000 |       -0.4914 |     -0.7013 |      0.2099 |    -3538.7202 |  -5040.9280 |   1501.2179 |
|  185.0000 |       0.0399 |     0.0399 |     0.0000 |       -0.6142 |     -0.8762 |      0.2619 |    -3539.5280 |  -5034.0084 |   1492.9402 |
|  186.0000 |       0.0399 |     0.0399 |     0.0000 |       -0.7372 |     -1.0508 |      0.3135 |    -3540.5054 |  -5025.5553 |   1482.8436 |
|  187.0000 |       0.0399 |     0.0399 |     0.0000 |       -0.8601 |     -1.2252 |      0.3648 |    -3541.6466 |  -5015.5714 |   1470.9404 |
|  188.0000 |       0.0399 |     0.0398 |     0.0001 |       -0.9831 |     -1.3991 |      0.4157 |    -3542.9445 |  -5004.0597 |   1457.2451 |
|  189.0000 |       0.0398 |     0.0398 |     0.0001 |       -1.1062 |     -1.5727 |      0.4660 |    -3544.3911 |  -4991.0237 |   1441.7743 |
|  190.0000 |       0.0398 |     0.0397 |     0.0001 |       -1.2292 |     -1.7457 |      0.5158 |    -3545.9772 |  -4976.4674 |   1424.5470 |
|  191.0000 |       0.0397 |     0.0396 |     0.0001 |       -1.3524 |     -1.9182 |      0.5649 |    -3547.6925 |  -4960.3952 |   1405.5841 |
|  192.0000 |       0.0397 |     0.0396 |     0.0001 |       -1.4756 |     -2.0902 |      0.6133 |    -3549.5256 |  -4942.8121 |   1384.9086 |
|  193.0000 |       0.0396 |     0.0395 |     0.0002 |       -1.5989 |     -2.2615 |      0.6610 |    -3551.4642 |  -4923.7233 |   1362.5459 |
|  194.0000 |       0.0396 |     0.0394 |     0.0002 |       -1.7222 |     -2.4321 |      0.7079 |    -3553.4947 |  -4903.1347 |   1338.5232 |
|  195.0000 |       0.0395 |     0.0393 |     0.0002 |       -1.8457 |     -2.6019 |      0.7540 |    -3555.6024 |  -4881.0526 |   1312.8696 |
|  196.0000 |       0.0395 |     0.0392 |     0.0002 |       -1.9692 |     -2.7710 |      0.7991 |    -3557.7715 |  -4857.4836 |   1285.6165 |
|  197.0000 |       0.0394 |     0.0391 |     0.0003 |       -2.0927 |     -2.9392 |      0.8432 |    -3559.9852 |  -4832.4350 |   1256.7971 |
|  198.0000 |       0.0393 |     0.0390 |     0.0003 |       -2.2164 |     -3.1066 |      0.8864 |    -3562.2255 |  -4805.9144 |   1226.4465 |
|  199.0000 |       0.0392 |     0.0389 |     0.0003 |       -2.3401 |     -3.2730 |      0.9284 |    -3564.4732 |  -4777.9299 |   1194.6016 |
|  200.0000 |       0.0391 |     0.0388 |     0.0004 |       -2.4639 |     -3.4384 |      0.9693 |    -3566.7081 |  -4748.4899 |   1161.3013 |
|  201.0000 |       0.0391 |     0.0387 |     0.0004 |       -2.5878 |     -3.6027 |      1.0090 |    -3568.9090 |  -4717.6036 |   1126.5862 |
|  202.0000 |       0.0390 |     0.0385 |     0.0004 |       -2.7118 |     -3.7660 |      1.0475 |    -3571.0532 |  -4685.2802 |   1090.4984 |
|  203.0000 |       0.0389 |     0.0384 |     0.0005 |       -2.8358 |     -3.9281 |      1.0847 |    -3573.1172 |  -4651.5296 |   1053.0821 |
|  204.0000 |       0.0388 |     0.0383 |     0.0005 |       -2.9599 |     -4.0890 |      1.1206 |    -3575.0763 |  -4616.3621 |   1014.3828 |
|  205.0000 |       0.0387 |     0.0381 |     0.0005 |       -3.0841 |     -4.2486 |      1.1552 |    -3576.9046 |  -4579.7885 |    974.4475 |
|  206.0000 |       0.0386 |     0.0380 |     0.0006 |       -3.2083 |     -4.4070 |      1.1883 |    -3578.5752 |  -4541.8197 |    933.3251 |
|  207.0000 |       0.0384 |     0.0378 |     0.0006 |       -3.3326 |     -4.5640 |      1.2200 |    -3580.0600 |  -4502.4675 |    891.0655 |
|  208.0000 |       0.0383 |     0.0377 |     0.0007 |       -3.4569 |     -4.7196 |      1.2502 |    -3581.3297 |  -4461.7438 |    847.7204 |
|  209.0000 |       0.0382 |     0.0375 |     0.0007 |       -3.5813 |     -4.8738 |      1.2788 |    -3582.3542 |  -4419.6611 |    803.3424 |
|  210.0000 |       0.0381 |     0.0373 |     0.0008 |       -3.7057 |     -5.0265 |      1.3059 |    -3583.1021 |  -4376.2320 |    757.9856 |
|  211.0000 |       0.0379 |     0.0371 |     0.0008 |       -3.8301 |     -5.1777 |      1.3315 |    -3583.5407 |  -4331.4699 |    711.7054 |
|  212.0000 |       0.0378 |     0.0370 |     0.0008 |       -3.9545 |     -5.3273 |      1.3553 |    -3583.6368 |  -4285.3884 |    664.5580 |
|  213.0000 |       0.0377 |     0.0368 |     0.0009 |       -4.0789 |     -5.4753 |      1.3776 |    -3583.3556 |  -4238.0015 |    616.6011 |
|  214.0000 |       0.0375 |     0.0366 |     0.0009 |       -4.2034 |     -5.6216 |      1.3982 |    -3582.6615 |  -4189.3237 |    567.8928 |
|  215.0000 |       0.0374 |     0.0364 |     0.0010 |       -4.3277 |     -5.7662 |      1.4170 |    -3581.5180 |  -4139.3698 |    518.4927 |
|  216.0000 |       0.0372 |     0.0362 |     0.0010 |       -4.4521 |     -5.9091 |      1.4342 |    -3579.8873 |  -4088.1550 |    468.4609 |
|  217.0000 |       0.0371 |     0.0360 |     0.0011 |       -4.5763 |     -6.0501 |      1.4495 |    -3577.7309 |  -4035.6949 |    417.8583 |
|  218.0000 |       0.0369 |     0.0358 |     0.0011 |       -4.7005 |     -6.1893 |      1.4632 |    -3575.0093 |  -3982.0055 |    366.7466 |
|  219.0000 |       0.0367 |     0.0355 |     0.0012 |       -4.8246 |     -6.3266 |      1.4750 |    -3571.6820 |  -3927.1031 |    315.1881 |
|  220.0000 |       0.0366 |     0.0353 |     0.0012 |       -4.9485 |     -6.4620 |      1.4851 |    -3567.7078 |  -3871.0045 |    263.2456 |
|  221.0000 |       0.0364 |     0.0351 |     0.0013 |       -5.0723 |     -6.5954 |      1.4933 |    -3563.0444 |  -3813.7267 |    210.9824 |
|  222.0000 |       0.0362 |     0.0349 |     0.0013 |       -5.1960 |     -6.7268 |      1.4997 |    -3557.6489 |  -3755.2873 |    158.4621 |
|  223.0000 |       0.0360 |     0.0346 |     0.0014 |       -5.3194 |     -6.8562 |      1.5043 |    -3551.4778 |  -3695.7039 |    105.7488 |
|  224.0000 |       0.0359 |     0.0344 |     0.0014 |       -5.4426 |     -6.9835 |      1.5070 |    -3544.4865 |  -3634.9948 |     52.9066 |
|  225.0000 |       0.0357 |     0.0341 |     0.0015 |       -5.5655 |     -7.1086 |      1.5080 |    -3536.6301 |  -3573.1785 |      0.0000 |
|  226.0000 |       0.0355 |     0.0339 |     0.0016 |       -5.6882 |     -7.2316 |      1.5070 |    -3527.8629 |  -3510.2737 |    -52.9066 |
|  227.0000 |       0.0353 |     0.0336 |     0.0016 |       -5.8105 |     -7.3524 |      1.5043 |    -3518.1389 |  -3446.2997 |   -105.7488 |
|  228.0000 |       0.0351 |     0.0334 |     0.0017 |       -5.9325 |     -7.4709 |      1.4997 |    -3507.4114 |  -3381.2758 |   -158.4621 |
|  229.0000 |       0.0349 |     0.0331 |     0.0017 |       -6.0541 |     -7.5872 |      1.4933 |    -3495.6335 |  -3315.2221 |   -210.9824 |
|  230.0000 |       0.0346 |     0.0329 |     0.0018 |       -6.1752 |     -7.7011 |      1.4851 |    -3482.7578 |  -3248.1584 |   -263.2456 |
|  231.0000 |       0.0344 |     0.0326 |     0.0018 |       -6.2959 |     -7.8127 |      1.4750 |    -3468.7368 |  -3180.1054 |   -315.1881 |
|  232.0000 |       0.0342 |     0.0323 |     0.0019 |       -6.4161 |     -7.9219 |      1.4632 |    -3453.5227 |  -3111.0836 |   -366.7466 |
|  233.0000 |       0.0340 |     0.0320 |     0.0019 |       -6.5357 |     -8.0288 |      1.4495 |    -3437.0678 |  -3041.1142 |   -417.8583 |
|  234.0000 |       0.0337 |     0.0318 |     0.0020 |       -6.6548 |     -8.1331 |      1.4342 |    -3419.3242 |  -2970.2185 |   -468.4609 |
|  235.0000 |       0.0335 |     0.0315 |     0.0020 |       -6.7732 |     -8.2350 |      1.4170 |    -3400.2443 |  -2898.4179 |   -518.4927 |
|  236.0000 |       0.0333 |     0.0312 |     0.0021 |       -6.8909 |     -8.3344 |      1.3982 |    -3379.7806 |  -2825.7345 |   -567.8928 |
|  237.0000 |       0.0330 |     0.0309 |     0.0021 |       -7.0079 |     -8.4312 |      1.3776 |    -3357.8858 |  -2752.1904 |   -616.6011 |
|  238.0000 |       0.0328 |     0.0306 |     0.0022 |       -7.1240 |     -8.5255 |      1.3553 |    -3334.5131 |  -2677.8079 |   -664.5580 |
|  239.0000 |       0.0325 |     0.0303 |     0.0022 |       -7.2394 |     -8.6172 |      1.3315 |    -3309.6162 |  -2602.6097 |   -711.7054 |
|  240.0000 |       0.0323 |     0.0300 |     0.0022 |       -7.3539 |     -8.7062 |      1.3059 |    -3283.1495 |  -2526.6187 |   -757.9856 |
|  241.0000 |       0.0320 |     0.0297 |     0.0023 |       -7.4674 |     -8.7926 |      1.2788 |    -3255.0679 |  -2449.8581 |   -803.3424 |
|  242.0000 |       0.0318 |     0.0294 |     0.0023 |       -7.5799 |     -8.8764 |      1.2502 |    -3225.3273 |  -2372.3513 |   -847.7204 |
|  243.0000 |       0.0315 |     0.0291 |     0.0024 |       -7.6913 |     -8.9574 |      1.2200 |    -3193.8844 |  -2294.1218 |   -891.0655 |
|  244.0000 |       0.0312 |     0.0288 |     0.0024 |       -7.8017 |     -9.0357 |      1.1883 |    -3160.6972 |  -2215.1935 |   -933.3251 |
|  245.0000 |       0.0310 |     0.0285 |     0.0025 |       -7.9108 |     -9.1112 |      1.1552 |    -3125.7246 |  -2135.5904 |   -974.4475 |
|  246.0000 |       0.0307 |     0.0281 |     0.0025 |       -8.0187 |     -9.1840 |      1.1206 |    -3088.9270 |  -2055.3368 |  -1014.3828 |
|  247.0000 |       0.0304 |     0.0278 |     0.0025 |       -8.1253 |     -9.2539 |      1.0847 |    -3050.2661 |  -1974.4572 |  -1053.0821 |
|  248.0000 |       0.0301 |     0.0275 |     0.0026 |       -8.2305 |     -9.3211 |      1.0475 |    -3009.7052 |  -1892.9761 |  -1090.4984 |
|  249.0000 |       0.0298 |     0.0272 |     0.0026 |       -8.3343 |     -9.3854 |      1.0090 |    -2967.2093 |  -1810.9183 |  -1126.5862 |
|  250.0000 |       0.0295 |     0.0268 |     0.0026 |       -8.4365 |     -9.4468 |      0.9693 |    -2922.7450 |  -1728.3090 |  -1161.3013 |
|  251.0000 |       0.0292 |     0.0265 |     0.0027 |       -8.5372 |     -9.5054 |      0.9284 |    -2876.2810 |  -1645.1732 |  -1194.6016 |
|  252.0000 |       0.0290 |     0.0262 |     0.0027 |       -8.6363 |     -9.5611 |      0.8864 |    -2827.7879 |  -1561.5362 |  -1226.4465 |
|  253.0000 |       0.0286 |     0.0258 |     0.0027 |       -8.7336 |     -9.6138 |      0.8432 |    -2777.2385 |  -1477.4236 |  -1256.7971 |
|  254.0000 |       0.0283 |     0.0255 |     0.0028 |       -8.8291 |     -9.6637 |      0.7991 |    -2724.6076 |  -1392.8610 |  -1285.6165 |
|  255.0000 |       0.0280 |     0.0252 |     0.0028 |       -8.9228 |     -9.7105 |      0.7540 |    -2669.8726 |  -1307.8741 |  -1312.8696 |
|  256.0000 |       0.0277 |     0.0248 |     0.0028 |       -9.0145 |     -9.7545 |      0.7079 |    -2613.0133 |  -1222.4888 |  -1338.5232 |
|  257.0000 |       0.0274 |     0.0245 |     0.0028 |       -9.1042 |     -9.7954 |      0.6610 |    -2554.0120 |  -1136.7311 |  -1362.5459 |
|  258.0000 |       0.0271 |     0.0242 |     0.0029 |       -9.1918 |     -9.8334 |      0.6133 |    -2492.8535 |  -1050.6271 |  -1384.9086 |
|  259.0000 |       0.0268 |     0.0238 |     0.0029 |       -9.2773 |     -9.8684 |      0.5649 |    -2429.5257 |   -964.2032 |  -1405.5841 |
|  260.0000 |       0.0264 |     0.0235 |     0.0029 |       -9.3605 |     -9.9004 |      0.5158 |    -2364.0188 |   -877.4855 |  -1424.5470 |
|  261.0000 |       0.0261 |     0.0231 |     0.0029 |       -9.4414 |     -9.9293 |      0.4660 |    -2296.3264 |   -790.5005 |  -1441.7743 |
|  262.0000 |       0.0258 |     0.0228 |     0.0029 |       -9.5200 |     -9.9553 |      0.4157 |    -2226.4448 |   -703.2747 |  -1457.2451 |
|  263.0000 |       0.0255 |     0.0224 |     0.0030 |       -9.5960 |     -9.9782 |      0.3648 |    -2154.3734 |   -615.8347 |  -1470.9404 |
|  264.0000 |       0.0251 |     0.0221 |     0.0030 |       -9.6695 |     -9.9980 |      0.3135 |    -2080.1147 |   -528.2071 |  -1482.8436 |
|  265.0000 |       0.0248 |     0.0217 |     0.0030 |       -9.7404 |    -10.0148 |      0.2619 |    -2003.6742 |   -440.4187 |  -1492.9402 |
|  266.0000 |       0.0245 |     0.0214 |     0.0030 |       -9.8087 |    -10.0286 |      0.2099 |    -1925.0609 |   -352.4960 |  -1501.2179 |
|  267.0000 |       0.0241 |     0.0210 |     0.0030 |       -9.8741 |    -10.0393 |      0.1576 |    -1844.2869 |   -264.4660 |  -1507.6666 |
|  268.0000 |       0.0238 |     0.0207 |     0.0030 |       -9.9367 |    -10.0470 |      0.1052 |    -1761.3673 |   -176.3554 |  -1512.2784 |
|  269.0000 |       0.0234 |     0.0203 |     0.0030 |       -9.9964 |    -10.0516 |      0.0526 |    -1676.3210 |    -88.1912 |  -1515.0477 |
|  270.0000 |       0.0231 |     0.0200 |     0.0030 |      -10.0531 |    -10.0531 |      0.0000 |    -1589.1697 |     -0.0000 |  -1515.9712 |
|  271.0000 |       0.0227 |     0.0197 |     0.0030 |      -10.1067 |    -10.0516 |     -0.0526 |    -1499.9387 |     88.1912 |  -1515.0477 |
|  272.0000 |       0.0224 |     0.0193 |     0.0030 |      -10.1572 |    -10.0470 |     -0.1052 |    -1408.6564 |    176.3554 |  -1512.2784 |
|  273.0000 |       0.0220 |     0.0190 |     0.0030 |      -10.2045 |    -10.0393 |     -0.1576 |    -1315.3548 |    264.4660 |  -1507.6666 |
|  274.0000 |       0.0217 |     0.0186 |     0.0030 |      -10.2486 |    -10.0286 |     -0.2099 |    -1220.0689 |    352.4960 |  -1501.2179 |
|  275.0000 |       0.0213 |     0.0183 |     0.0030 |      -10.2892 |    -10.0148 |     -0.2619 |    -1122.8369 |    440.4187 |  -1492.9402 |
|  276.0000 |       0.0209 |     0.0179 |     0.0030 |      -10.3265 |     -9.9980 |     -0.3135 |    -1023.7004 |    528.2071 |  -1482.8436 |
|  277.0000 |       0.0206 |     0.0176 |     0.0030 |      -10.3603 |     -9.9782 |     -0.3648 |     -922.7040 |    615.8347 |  -1470.9404 |
|  278.0000 |       0.0202 |     0.0172 |     0.0029 |      -10.3906 |     -9.9553 |     -0.4157 |     -819.8954 |    703.2747 |  -1457.2451 |
|  279.0000 |       0.0199 |     0.0169 |     0.0029 |      -10.4172 |     -9.9293 |     -0.4660 |     -715.3254 |    790.5005 |  -1441.7743 |
|  280.0000 |       0.0195 |     0.0165 |     0.0029 |      -10.4402 |     -9.9004 |     -0.5158 |     -609.0479 |    877.4855 |  -1424.5470 |
|  281.0000 |       0.0191 |     0.0162 |     0.0029 |      -10.4595 |     -9.8684 |     -0.5649 |     -501.1193 |    964.2032 |  -1405.5841 |
|  282.0000 |       0.0188 |     0.0158 |     0.0029 |      -10.4750 |     -9.8334 |     -0.6133 |     -391.5993 |   1050.6271 |  -1384.9086 |
|  283.0000 |       0.0184 |     0.0155 |     0.0028 |      -10.4867 |     -9.7954 |     -0.6610 |     -280.5498 |   1136.7311 |  -1362.5459 |
|  284.0000 |       0.0180 |     0.0152 |     0.0028 |      -10.4945 |     -9.7545 |     -0.7079 |     -168.0358 |   1222.4888 |  -1338.5232 |
|  285.0000 |       0.0177 |     0.0148 |     0.0028 |      -10.4983 |     -9.7105 |     -0.7540 |      -54.1244 |   1307.8741 |  -1312.8696 |
|  286.0000 |       0.0173 |     0.0145 |     0.0028 |      -10.4982 |     -9.6637 |     -0.7991 |       61.1144 |   1392.8610 |  -1285.6165 |
|  287.0000 |       0.0170 |     0.0142 |     0.0027 |      -10.4941 |     -9.6138 |     -0.8432 |      177.6088 |   1477.4236 |  -1256.7971 |
|  288.0000 |       0.0166 |     0.0138 |     0.0027 |      -10.4859 |     -9.5611 |     -0.8864 |      295.2846 |   1561.5362 |  -1226.4465 |
|  289.0000 |       0.0162 |     0.0135 |     0.0027 |      -10.4736 |     -9.5054 |     -0.9284 |      414.0654 |   1645.1732 |  -1194.6016 |
|  290.0000 |       0.0159 |     0.0132 |     0.0026 |      -10.4571 |     -9.4468 |     -0.9693 |      533.8730 |   1728.3090 |  -1161.3013 |
|  291.0000 |       0.0155 |     0.0128 |     0.0026 |      -10.4365 |     -9.3854 |     -1.0090 |      654.6274 |   1810.9183 |  -1126.5862 |
|  292.0000 |       0.0151 |     0.0125 |     0.0026 |      -10.4116 |     -9.3211 |     -1.0475 |      776.2469 |   1892.9761 |  -1090.4984 |
|  293.0000 |       0.0148 |     0.0122 |     0.0025 |      -10.3826 |     -9.2539 |     -1.0847 |      898.6483 |   1974.4572 |  -1053.0821 |
|  294.0000 |       0.0144 |     0.0119 |     0.0025 |      -10.3492 |     -9.1840 |     -1.1206 |     1021.7467 |   2055.3368 |  -1014.3828 |
|  295.0000 |       0.0141 |     0.0115 |     0.0025 |      -10.3116 |     -9.1112 |     -1.1552 |     1145.4563 |   2135.5904 |   -974.4475 |
|  296.0000 |       0.0137 |     0.0112 |     0.0024 |      -10.2697 |     -9.0357 |     -1.1883 |     1269.6898 |   2215.1935 |   -933.3251 |
|  297.0000 |       0.0133 |     0.0109 |     0.0024 |      -10.2234 |     -8.9574 |     -1.2200 |     1394.3592 |   2294.1218 |   -891.0655 |
|  298.0000 |       0.0130 |     0.0106 |     0.0023 |      -10.1728 |     -8.8764 |     -1.2502 |     1519.3753 |   2372.3513 |   -847.7204 |
|  299.0000 |       0.0126 |     0.0103 |     0.0023 |      -10.1179 |     -8.7926 |     -1.2788 |     1644.6483 |   2449.8581 |   -803.3424 |
|  300.0000 |       0.0123 |     0.0100 |     0.0022 |      -10.0586 |     -8.7062 |     -1.3059 |     1770.0879 |   2526.6187 |   -757.9856 |
|  301.0000 |       0.0119 |     0.0097 |     0.0022 |       -9.9950 |     -8.6172 |     -1.3315 |     1895.6031 |   2602.6097 |   -711.7054 |
|  302.0000 |       0.0116 |     0.0094 |     0.0022 |       -9.9270 |     -8.5255 |     -1.3553 |     2021.1027 |   2677.8079 |   -664.5580 |
|  303.0000 |       0.0113 |     0.0091 |     0.0021 |       -9.8546 |     -8.4312 |     -1.3776 |     2146.4950 |   2752.1904 |   -616.6011 |
|  304.0000 |       0.0109 |     0.0088 |     0.0021 |       -9.7779 |     -8.3344 |     -1.3982 |     2271.6885 |   2825.7345 |   -567.8928 |
|  305.0000 |       0.0106 |     0.0085 |     0.0020 |       -9.6969 |     -8.2350 |     -1.4170 |     2396.5916 |   2898.4179 |   -518.4927 |
|  306.0000 |       0.0102 |     0.0082 |     0.0020 |       -9.6115 |     -8.1331 |     -1.4342 |     2521.1127 |   2970.2185 |   -468.4609 |
|  307.0000 |       0.0099 |     0.0080 |     0.0019 |       -9.5218 |     -8.0288 |     -1.4495 |     2645.1607 |   3041.1142 |   -417.8583 |
|  308.0000 |       0.0096 |     0.0077 |     0.0019 |       -9.4278 |     -7.9219 |     -1.4632 |     2768.6446 |   3111.0836 |   -366.7466 |
|  309.0000 |       0.0093 |     0.0074 |     0.0018 |       -9.3295 |     -7.8127 |     -1.4750 |     2891.4740 |   3180.1054 |   -315.1881 |
|  310.0000 |       0.0089 |     0.0071 |     0.0018 |       -9.2270 |     -7.7011 |     -1.4851 |     3013.5590 |   3248.1584 |   -263.2456 |
|  311.0000 |       0.0086 |     0.0069 |     0.0017 |       -9.1203 |     -7.5872 |     -1.4933 |     3134.8106 |   3315.2221 |   -210.9824 |
|  312.0000 |       0.0083 |     0.0066 |     0.0017 |       -9.0093 |     -7.4709 |     -1.4997 |     3255.1403 |   3381.2758 |   -158.4621 |
|  313.0000 |       0.0080 |     0.0064 |     0.0016 |       -8.8942 |     -7.3524 |     -1.5043 |     3374.4604 |   3446.2997 |   -105.7488 |
|  314.0000 |       0.0077 |     0.0061 |     0.0016 |       -8.7750 |     -7.2316 |     -1.5070 |     3492.6845 |   3510.2737 |    -52.9066 |
|  315.0000 |       0.0074 |     0.0059 |     0.0015 |       -8.6517 |     -7.1086 |     -1.5080 |     3609.7269 |   3573.1785 |     -0.0000 |
|  316.0000 |       0.0071 |     0.0056 |     0.0014 |       -8.5243 |     -6.9835 |     -1.5070 |     3725.5032 |   3634.9948 |     52.9066 |
|  317.0000 |       0.0068 |     0.0054 |     0.0014 |       -8.3930 |     -6.8562 |     -1.5043 |     3839.9301 |   3695.7039 |    105.7488 |
|  318.0000 |       0.0065 |     0.0051 |     0.0013 |       -8.2577 |     -6.7268 |     -1.4997 |     3952.9256 |   3755.2873 |    158.4621 |
|  319.0000 |       0.0062 |     0.0049 |     0.0013 |       -8.1185 |     -6.5954 |     -1.4933 |     4064.4091 |   3813.7267 |    210.9824 |
|  320.0000 |       0.0059 |     0.0047 |     0.0012 |       -7.9755 |     -6.4620 |     -1.4851 |     4174.3012 |   3871.0045 |    263.2456 |
|  321.0000 |       0.0057 |     0.0045 |     0.0012 |       -7.8286 |     -6.3266 |     -1.4750 |     4282.5241 |   3927.1031 |    315.1881 |
|  322.0000 |       0.0054 |     0.0042 |     0.0011 |       -7.6781 |     -6.1893 |     -1.4632 |     4389.0016 |   3982.0055 |    366.7466 |
|  323.0000 |       0.0051 |     0.0040 |     0.0011 |       -7.5239 |     -6.0501 |     -1.4495 |     4493.6588 |   4035.6949 |    417.8583 |
|  324.0000 |       0.0049 |     0.0038 |     0.0010 |       -7.3661 |     -5.9091 |     -1.4342 |     4596.4227 |   4088.1550 |    468.4609 |
|  325.0000 |       0.0046 |     0.0036 |     0.0010 |       -7.2047 |     -5.7662 |     -1.4170 |     4697.2216 |   4139.3698 |    518.4927 |
|  326.0000 |       0.0044 |     0.0034 |     0.0009 |       -7.0399 |     -5.6216 |     -1.3982 |     4795.9859 |   4189.3237 |    567.8928 |
|  327.0000 |       0.0041 |     0.0032 |     0.0009 |       -6.8717 |     -5.4753 |     -1.3776 |     4892.6475 |   4238.0015 |    616.6011 |
|  328.0000 |       0.0039 |     0.0030 |     0.0008 |       -6.7001 |     -5.3273 |     -1.3553 |     4987.1400 |   4285.3884 |    664.5580 |
|  329.0000 |       0.0037 |     0.0029 |     0.0008 |       -6.5254 |     -5.1777 |     -1.3315 |     5079.3991 |   4331.4699 |    711.7054 |
|  330.0000 |       0.0034 |     0.0027 |     0.0008 |       -6.3474 |     -5.0265 |     -1.3059 |     5169.3620 |   4376.2320 |    757.9856 |
|  331.0000 |       0.0032 |     0.0025 |     0.0007 |       -6.1664 |     -4.8738 |     -1.2788 |     5256.9679 |   4419.6611 |    803.3424 |
|  332.0000 |       0.0030 |     0.0023 |     0.0007 |       -5.9824 |     -4.7196 |     -1.2502 |     5342.1579 |   4461.7438 |    847.7204 |
|  333.0000 |       0.0028 |     0.0022 |     0.0006 |       -5.7955 |     -4.5640 |     -1.2200 |     5424.8751 |   4502.4675 |    891.0655 |
|  334.0000 |       0.0026 |     0.0020 |     0.0006 |       -5.6057 |     -4.4070 |     -1.1883 |     5505.0643 |   4541.8197 |    933.3251 |
|  335.0000 |       0.0024 |     0.0019 |     0.0005 |       -5.4132 |     -4.2486 |     -1.1552 |     5582.6723 |   4579.7885 |    974.4475 |
|  336.0000 |       0.0022 |     0.0017 |     0.0005 |       -5.2180 |     -4.0890 |     -1.1206 |     5657.6479 |   4616.3621 |   1014.3828 |
|  337.0000 |       0.0020 |     0.0016 |     0.0005 |       -5.0203 |     -3.9281 |     -1.0847 |     5729.9420 |   4651.5296 |   1053.0821 |
|  338.0000 |       0.0019 |     0.0015 |     0.0004 |       -4.8202 |     -3.7660 |     -1.0475 |     5799.5072 |   4685.2802 |   1090.4984 |
|  339.0000 |       0.0017 |     0.0013 |     0.0004 |       -4.6176 |     -3.6027 |     -1.0090 |     5866.2982 |   4717.6036 |   1126.5862 |
|  340.0000 |       0.0016 |     0.0012 |     0.0004 |       -4.4128 |     -3.4384 |     -0.9693 |     5930.2718 |   4748.4899 |   1161.3013 |
|  341.0000 |       0.0014 |     0.0011 |     0.0003 |       -4.2058 |     -3.2730 |     -0.9284 |     5991.3866 |   4777.9299 |   1194.6016 |
|  342.0000 |       0.0013 |     0.0010 |     0.0003 |       -3.9968 |     -3.1066 |     -0.8864 |     6049.6034 |   4805.9144 |   1226.4465 |
|  343.0000 |       0.0011 |     0.0009 |     0.0003 |       -3.7857 |     -2.9392 |     -0.8432 |     6104.8848 |   4832.4350 |   1256.7971 |
|  344.0000 |       0.0010 |     0.0008 |     0.0002 |       -3.5729 |     -2.7710 |     -0.7991 |     6157.1957 |   4857.4836 |   1285.6165 |
|  345.0000 |       0.0009 |     0.0007 |     0.0002 |       -3.3582 |     -2.6019 |     -0.7540 |     6206.5027 |   4881.0526 |   1312.8696 |
|  346.0000 |       0.0008 |     0.0006 |     0.0002 |       -3.1419 |     -2.4321 |     -0.7079 |     6252.7747 |   4903.1347 |   1338.5232 |
|  347.0000 |       0.0007 |     0.0005 |     0.0002 |       -2.9240 |     -2.2615 |     -0.6610 |     6295.9824 |   4923.7233 |   1362.5459 |
|  348.0000 |       0.0006 |     0.0004 |     0.0001 |       -2.7047 |     -2.0902 |     -0.6133 |     6336.0985 |   4942.8121 |   1384.9086 |
|  349.0000 |       0.0005 |     0.0004 |     0.0001 |       -2.4840 |     -1.9182 |     -0.5649 |     6373.0980 |   4960.3952 |   1405.5841 |
|  350.0000 |       0.0004 |     0.0003 |     0.0001 |       -2.2622 |     -1.7457 |     -0.5158 |     6406.9577 |   4976.4674 |   1424.5470 |
|  351.0000 |       0.0003 |     0.0002 |     0.0001 |       -2.0392 |     -1.5727 |     -0.4660 |     6437.6563 |   4991.0237 |   1441.7743 |
|  352.0000 |       0.0003 |     0.0002 |     0.0001 |       -1.8151 |     -1.3991 |     -0.4157 |     6465.1749 |   5004.0597 |   1457.2451 |
|  353.0000 |       0.0002 |     0.0001 |     0.0000 |       -1.5902 |     -1.2252 |     -0.3648 |     6489.4962 |   5015.5714 |   1470.9404 |
|  354.0000 |       0.0001 |     0.0001 |     0.0000 |       -1.3645 |     -1.0508 |     -0.3135 |     6510.6052 |   5025.5553 |   1482.8436 |
|  355.0000 |       0.0001 |     0.0001 |     0.0000 |       -1.1381 |     -0.8762 |     -0.2619 |     6528.4888 |   5034.0084 |   1492.9402 |
|  356.0000 |       0.0001 |     0.0000 |     0.0000 |       -0.9112 |     -0.7013 |     -0.2099 |     6543.1359 |   5040.9280 |   1501.2179 |
|  357.0000 |       0.0000 |     0.0000 |     0.0000 |       -0.6838 |     -0.5261 |     -0.1576 |     6554.5374 |   5046.3122 |   1507.6666 |
|  358.0000 |       0.0000 |     0.0000 |     0.0000 |       -0.4560 |     -0.3508 |     -0.1052 |     6562.6865 |   5050.1592 |   1512.2784 |
|  359.0000 |       0.0000 |     0.0000 |     0.0000 |       -0.2281 |     -0.1755 |     -0.0526 |     6567.5779 |   5052.4678 |   1515.0477 |
|  360.0000 |       0.0000 |     0.0000 |     0.0000 |       -0.0000 |     -0.0000 |     -0.0000 |     6569.2087 |   5053.2375 |   1515.9712 |
==================================================================================================================================
УГЛОВОЕ ПЕРЕМЕЩЕНИЕ, СКОРОСТЬ, УСКОРЕНИЕ:
==========================================================================
|  α [град] |   B [рад]  |   w_rod [рад/с]   |   eps_rod [рад/с²]   |
==========================================================================
|    0.0000 |       0.0000 |   150.7964 |     -0.0000 |
|    1.0000 |       0.3000 |   150.7755 |  -1203.8423 |
|    2.0000 |       0.5999 |   150.7128 |  -2407.5157 |
|    3.0000 |       0.8996 |   150.6084 |  -3610.8512 |
|    4.0000 |       1.1991 |   150.4621 |  -4813.6788 |
|    5.0000 |       1.4983 |   150.2740 |  -6015.8275 |
|    6.0000 |       1.7970 |   150.0442 |  -7217.1246 |
|    7.0000 |       2.0952 |   149.7726 |  -8417.3955 |
|    8.0000 |       2.3929 |   149.4592 |  -9616.4637 |
|    9.0000 |       2.6899 |   149.1042 | -10814.1495 |
|   10.0000 |       2.9861 |   148.7074 | -12010.2706 |
|   11.0000 |       3.2816 |   148.2690 | -13204.6412 |
|   12.0000 |       3.5761 |   147.7889 | -14397.0717 |
|   13.0000 |       3.8696 |   147.2673 | -15587.3685 |
|   14.0000 |       4.1620 |   146.7040 | -16775.3336 |
|   15.0000 |       4.4533 |   146.0993 | -17960.7642 |
|   16.0000 |       4.7433 |   145.4530 | -19143.4526 |
|   17.0000 |       5.0320 |   144.7653 | -20323.1854 |
|   18.0000 |       5.3192 |   144.0362 | -21499.7437 |
|   19.0000 |       5.6050 |   143.2658 | -22672.9026 |
|   20.0000 |       5.8893 |   142.4542 | -23842.4309 |
|   21.0000 |       6.1718 |   141.6013 | -25008.0910 |
|   22.0000 |       6.4526 |   140.7074 | -26169.6382 |
|   23.0000 |       6.7316 |   139.7724 | -27326.8211 |
|   24.0000 |       7.0088 |   138.7966 | -28479.3808 |
|   25.0000 |       7.2839 |   137.7799 | -29627.0511 |
|   26.0000 |       7.5569 |   136.7224 | -30769.5579 |
|   27.0000 |       7.8279 |   135.6244 | -31906.6196 |
|   28.0000 |       8.0965 |   134.4859 | -33037.9463 |
|   29.0000 |       8.3629 |   133.3070 | -34163.2401 |
|   30.0000 |       8.6269 |   132.0880 | -35282.1950 |
|   31.0000 |       8.8885 |   130.8289 | -36394.4965 |
|   32.0000 |       9.1475 |   129.5299 | -37499.8217 |
|   33.0000 |       9.4038 |   128.1913 | -38597.8393 |
|   34.0000 |       9.6575 |   126.8131 | -39688.2098 |
|   35.0000 |       9.9084 |   125.3956 | -40770.5848 |
|   36.0000 |      10.1564 |   123.9390 | -41844.6079 |
|   37.0000 |      10.4015 |   122.4435 | -42909.9143 |
|   38.0000 |      10.6436 |   120.9094 | -43966.1307 |
|   39.0000 |      10.8825 |   119.3370 | -45012.8761 |
|   40.0000 |      11.1184 |   117.7264 | -46049.7612 |
|   41.0000 |      11.3509 |   116.0780 | -47076.3891 |
|   42.0000 |      11.5802 |   114.3921 | -48092.3553 |
|   43.0000 |      11.8061 |   112.6690 | -49097.2482 |
|   44.0000 |      12.0285 |   110.9090 | -50090.6489 |
|   45.0000 |      12.2473 |   109.1125 | -51072.1321 |
|   46.0000 |      12.4626 |   107.2798 | -52041.2659 |
|   47.0000 |      12.6742 |   105.4114 | -52997.6127 |
|   48.0000 |      12.8820 |   103.5077 | -53940.7294 |
|   49.0000 |      13.0860 |   101.5690 | -54870.1675 |
|   50.0000 |      13.2861 |    99.5958 | -55785.4744 |
|   51.0000 |      13.4822 |    97.5886 | -56686.1932 |
|   52.0000 |      13.6744 |    95.5479 | -57571.8636 |
|   53.0000 |      13.8624 |    93.4741 | -58442.0222 |
|   54.0000 |      14.0463 |    91.3678 | -59296.2037 |
|   55.0000 |      14.2259 |    89.2296 | -60133.9408 |
|   56.0000 |      14.4013 |    87.0599 | -60954.7657 |
|   57.0000 |      14.5723 |    84.8595 | -61758.2100 |
|   58.0000 |      14.7389 |    82.6288 | -62543.8059 |
|   59.0000 |      14.9010 |    80.3686 | -63311.0871 |
|   60.0000 |      15.0586 |    78.0794 | -64059.5891 |
|   61.0000 |      15.2117 |    75.7620 | -64788.8505 |
|   62.0000 |      15.3601 |    73.4171 | -65498.4132 |
|   63.0000 |      15.5038 |    71.0453 | -66187.8242 |
|   64.0000 |      15.6427 |    68.6474 | -66856.6355 |
|   65.0000 |      15.7769 |    66.2242 | -67504.4054 |
|   66.0000 |      15.9062 |    63.7763 | -68130.6996 |
|   67.0000 |      16.0306 |    61.3048 | -68735.0915 |
|   68.0000 |      16.1501 |    58.8102 | -69317.1636 |
|   69.0000 |      16.2646 |    56.2936 | -69876.5081 |
|   70.0000 |      16.3741 |    53.7557 | -70412.7281 |
|   71.0000 |      16.4785 |    51.1974 | -70925.4379 |
|   72.0000 |      16.5778 |    48.6196 | -71414.2645 |
|   73.0000 |      16.6719 |    46.0233 | -71878.8480 |
|   74.0000 |      16.7609 |    43.4093 | -72318.8427 |
|   75.0000 |      16.8447 |    40.7786 | -72733.9177 |
|   76.0000 |      16.9231 |    38.1322 | -73123.7579 |
|   77.0000 |      16.9964 |    35.4711 | -73488.0646 |
|   78.0000 |      17.0643 |    32.7962 | -73826.5563 |
|   79.0000 |      17.1268 |    30.1085 | -74138.9692 |
|   80.0000 |      17.1841 |    27.4091 | -74425.0585 |
|   81.0000 |      17.2359 |    24.6989 | -74684.5979 |
|   82.0000 |      17.2823 |    21.9791 | -74917.3814 |
|   83.0000 |      17.3233 |    19.2507 | -75123.2229 |
|   84.0000 |      17.3589 |    16.5147 | -75301.9571 |
|   85.0000 |      17.3890 |    13.7722 | -75453.4399 |
|   86.0000 |      17.4137 |    11.0243 | -75577.5487 |
|   87.0000 |      17.4329 |     8.2720 | -75674.1827 |
|   88.0000 |      17.4466 |     5.5165 | -75743.2634 |
|   89.0000 |      17.4549 |     2.7588 | -75784.7344 |
|   90.0000 |      17.4576 |     0.0000 | -75798.5618 |
|   91.0000 |      17.4549 |    -2.7588 | -75784.7344 |
|   92.0000 |      17.4466 |    -5.5165 | -75743.2634 |
|   93.0000 |      17.4329 |    -8.2720 | -75674.1827 |
|   94.0000 |      17.4137 |   -11.0243 | -75577.5487 |
|   95.0000 |      17.3890 |   -13.7722 | -75453.4399 |
|   96.0000 |      17.3589 |   -16.5147 | -75301.9571 |
|   97.0000 |      17.3233 |   -19.2507 | -75123.2229 |
|   98.0000 |      17.2823 |   -21.9791 | -74917.3814 |
|   99.0000 |      17.2359 |   -24.6989 | -74684.5979 |
|  100.0000 |      17.1841 |   -27.4091 | -74425.0585 |
|  101.0000 |      17.1268 |   -30.1085 | -74138.9692 |
|  102.0000 |      17.0643 |   -32.7962 | -73826.5563 |
|  103.0000 |      16.9964 |   -35.4711 | -73488.0646 |
|  104.0000 |      16.9231 |   -38.1322 | -73123.7579 |
|  105.0000 |      16.8447 |   -40.7786 | -72733.9177 |
|  106.0000 |      16.7609 |   -43.4093 | -72318.8427 |
|  107.0000 |      16.6719 |   -46.0233 | -71878.8480 |
|  108.0000 |      16.5778 |   -48.6196 | -71414.2645 |
|  109.0000 |      16.4785 |   -51.1974 | -70925.4379 |
|  110.0000 |      16.3741 |   -53.7557 | -70412.7281 |
|  111.0000 |      16.2646 |   -56.2936 | -69876.5081 |
|  112.0000 |      16.1501 |   -58.8102 | -69317.1636 |
|  113.0000 |      16.0306 |   -61.3048 | -68735.0915 |
|  114.0000 |      15.9062 |   -63.7763 | -68130.6996 |
|  115.0000 |      15.7769 |   -66.2242 | -67504.4054 |
|  116.0000 |      15.6427 |   -68.6474 | -66856.6355 |
|  117.0000 |      15.5038 |   -71.0453 | -66187.8242 |
|  118.0000 |      15.3601 |   -73.4171 | -65498.4132 |
|  119.0000 |      15.2117 |   -75.7620 | -64788.8505 |
|  120.0000 |      15.0586 |   -78.0794 | -64059.5891 |
|  121.0000 |      14.9010 |   -80.3686 | -63311.0871 |
|  122.0000 |      14.7389 |   -82.6288 | -62543.8059 |
|  123.0000 |      14.5723 |   -84.8595 | -61758.2100 |
|  124.0000 |      14.4013 |   -87.0599 | -60954.7657 |
|  125.0000 |      14.2259 |   -89.2296 | -60133.9408 |
|  126.0000 |      14.0463 |   -91.3678 | -59296.2037 |
|  127.0000 |      13.8624 |   -93.4741 | -58442.0222 |
|  128.0000 |      13.6744 |   -95.5479 | -57571.8636 |
|  129.0000 |      13.4822 |   -97.5886 | -56686.1932 |
|  130.0000 |      13.2861 |   -99.5958 | -55785.4744 |
|  131.0000 |      13.0860 |  -101.5690 | -54870.1675 |
|  132.0000 |      12.8820 |  -103.5077 | -53940.7294 |
|  133.0000 |      12.6742 |  -105.4114 | -52997.6127 |
|  134.0000 |      12.4626 |  -107.2798 | -52041.2659 |
|  135.0000 |      12.2473 |  -109.1125 | -51072.1321 |
|  136.0000 |      12.0285 |  -110.9090 | -50090.6489 |
|  137.0000 |      11.8061 |  -112.6690 | -49097.2482 |
|  138.0000 |      11.5802 |  -114.3921 | -48092.3553 |
|  139.0000 |      11.3509 |  -116.0780 | -47076.3891 |
|  140.0000 |      11.1184 |  -117.7264 | -46049.7612 |
|  141.0000 |      10.8825 |  -119.3370 | -45012.8761 |
|  142.0000 |      10.6436 |  -120.9094 | -43966.1307 |
|  143.0000 |      10.4015 |  -122.4435 | -42909.9143 |
|  144.0000 |      10.1564 |  -123.9390 | -41844.6079 |
|  145.0000 |       9.9084 |  -125.3956 | -40770.5848 |
|  146.0000 |       9.6575 |  -126.8131 | -39688.2098 |
|  147.0000 |       9.4038 |  -128.1913 | -38597.8393 |
|  148.0000 |       9.1475 |  -129.5299 | -37499.8217 |
|  149.0000 |       8.8885 |  -130.8289 | -36394.4965 |
|  150.0000 |       8.6269 |  -132.0880 | -35282.1950 |
|  151.0000 |       8.3629 |  -133.3070 | -34163.2401 |
|  152.0000 |       8.0965 |  -134.4859 | -33037.9463 |
|  153.0000 |       7.8279 |  -135.6244 | -31906.6196 |
|  154.0000 |       7.5569 |  -136.7224 | -30769.5579 |
|  155.0000 |       7.2839 |  -137.7799 | -29627.0511 |
|  156.0000 |       7.0088 |  -138.7966 | -28479.3808 |
|  157.0000 |       6.7316 |  -139.7724 | -27326.8211 |
|  158.0000 |       6.4526 |  -140.7074 | -26169.6382 |
|  159.0000 |       6.1718 |  -141.6013 | -25008.0910 |
|  160.0000 |       5.8893 |  -142.4542 | -23842.4309 |
|  161.0000 |       5.6050 |  -143.2658 | -22672.9026 |
|  162.0000 |       5.3192 |  -144.0362 | -21499.7437 |
|  163.0000 |       5.0320 |  -144.7653 | -20323.1854 |
|  164.0000 |       4.7433 |  -145.4530 | -19143.4526 |
|  165.0000 |       4.4533 |  -146.0993 | -17960.7642 |
|  166.0000 |       4.1620 |  -146.7040 | -16775.3336 |
|  167.0000 |       3.8696 |  -147.2673 | -15587.3685 |
|  168.0000 |       3.5761 |  -147.7889 | -14397.0717 |
|  169.0000 |       3.2816 |  -148.2690 | -13204.6412 |
|  170.0000 |       2.9861 |  -148.7074 | -12010.2706 |
|  171.0000 |       2.6899 |  -149.1042 | -10814.1495 |
|  172.0000 |       2.3929 |  -149.4592 |  -9616.4637 |
|  173.0000 |       2.0952 |  -149.7726 |  -8417.3955 |
|  174.0000 |       1.7970 |  -150.0442 |  -7217.1246 |
|  175.0000 |       1.4983 |  -150.2740 |  -6015.8275 |
|  176.0000 |       1.1991 |  -150.4621 |  -4813.6788 |
|  177.0000 |       0.8996 |  -150.6084 |  -3610.8512 |
|  178.0000 |       0.5999 |  -150.7128 |  -2407.5157 |
|  179.0000 |       0.3000 |  -150.7755 |  -1203.8423 |
|  180.0000 |       0.0000 |  -150.7964 |     -0.0000 |
|  181.0000 |      -0.3000 |  -150.7755 |   1203.8423 |
|  182.0000 |      -0.5999 |  -150.7128 |   2407.5157 |
|  183.0000 |      -0.8996 |  -150.6084 |   3610.8512 |
|  184.0000 |      -1.1991 |  -150.4621 |   4813.6788 |
|  185.0000 |      -1.4983 |  -150.2740 |   6015.8275 |
|  186.0000 |      -1.7970 |  -150.0442 |   7217.1246 |
|  187.0000 |      -2.0952 |  -149.7726 |   8417.3955 |
|  188.0000 |      -2.3929 |  -149.4592 |   9616.4637 |
|  189.0000 |      -2.6899 |  -149.1042 |  10814.1495 |
|  190.0000 |      -2.9861 |  -148.7074 |  12010.2706 |
|  191.0000 |      -3.2816 |  -148.2690 |  13204.6412 |
|  192.0000 |      -3.5761 |  -147.7889 |  14397.0717 |
|  193.0000 |      -3.8696 |  -147.2673 |  15587.3685 |
|  194.0000 |      -4.1620 |  -146.7040 |  16775.3336 |
|  195.0000 |      -4.4533 |  -146.0993 |  17960.7642 |
|  196.0000 |      -4.7433 |  -145.4530 |  19143.4526 |
|  197.0000 |      -5.0320 |  -144.7653 |  20323.1854 |
|  198.0000 |      -5.3192 |  -144.0362 |  21499.7437 |
|  199.0000 |      -5.6050 |  -143.2658 |  22672.9026 |
|  200.0000 |      -5.8893 |  -142.4542 |  23842.4309 |
|  201.0000 |      -6.1718 |  -141.6013 |  25008.0910 |
|  202.0000 |      -6.4526 |  -140.7074 |  26169.6382 |
|  203.0000 |      -6.7316 |  -139.7724 |  27326.8211 |
|  204.0000 |      -7.0088 |  -138.7966 |  28479.3808 |
|  205.0000 |      -7.2839 |  -137.7799 |  29627.0511 |
|  206.0000 |      -7.5569 |  -136.7224 |  30769.5579 |
|  207.0000 |      -7.8279 |  -135.6244 |  31906.6196 |
|  208.0000 |      -8.0965 |  -134.4859 |  33037.9463 |
|  209.0000 |      -8.3629 |  -133.3070 |  34163.2401 |
|  210.0000 |      -8.6269 |  -132.0880 |  35282.1950 |
|  211.0000 |      -8.8885 |  -130.8289 |  36394.4965 |
|  212.0000 |      -9.1475 |  -129.5299 |  37499.8217 |
|  213.0000 |      -9.4038 |  -128.1913 |  38597.8393 |
|  214.0000 |      -9.6575 |  -126.8131 |  39688.2098 |
|  215.0000 |      -9.9084 |  -125.3956 |  40770.5848 |
|  216.0000 |     -10.1564 |  -123.9390 |  41844.6079 |
|  217.0000 |     -10.4015 |  -122.4435 |  42909.9143 |
|  218.0000 |     -10.6436 |  -120.9094 |  43966.1307 |
|  219.0000 |     -10.8825 |  -119.3370 |  45012.8761 |
|  220.0000 |     -11.1184 |  -117.7264 |  46049.7612 |
|  221.0000 |     -11.3509 |  -116.0780 |  47076.3891 |
|  222.0000 |     -11.5802 |  -114.3921 |  48092.3553 |
|  223.0000 |     -11.8061 |  -112.6690 |  49097.2482 |
|  224.0000 |     -12.0285 |  -110.9090 |  50090.6489 |
|  225.0000 |     -12.2473 |  -109.1125 |  51072.1321 |
|  226.0000 |     -12.4626 |  -107.2798 |  52041.2659 |
|  227.0000 |     -12.6742 |  -105.4114 |  52997.6127 |
|  228.0000 |     -12.8820 |  -103.5077 |  53940.7294 |
|  229.0000 |     -13.0860 |  -101.5690 |  54870.1675 |
|  230.0000 |     -13.2861 |   -99.5958 |  55785.4744 |
|  231.0000 |     -13.4822 |   -97.5886 |  56686.1932 |
|  232.0000 |     -13.6744 |   -95.5479 |  57571.8636 |
|  233.0000 |     -13.8624 |   -93.4741 |  58442.0222 |
|  234.0000 |     -14.0463 |   -91.3678 |  59296.2037 |
|  235.0000 |     -14.2259 |   -89.2296 |  60133.9408 |
|  236.0000 |     -14.4013 |   -87.0599 |  60954.7657 |
|  237.0000 |     -14.5723 |   -84.8595 |  61758.2100 |
|  238.0000 |     -14.7389 |   -82.6288 |  62543.8059 |
|  239.0000 |     -14.9010 |   -80.3686 |  63311.0871 |
|  240.0000 |     -15.0586 |   -78.0794 |  64059.5891 |
|  241.0000 |     -15.2117 |   -75.7620 |  64788.8505 |
|  242.0000 |     -15.3601 |   -73.4171 |  65498.4132 |
|  243.0000 |     -15.5038 |   -71.0453 |  66187.8242 |
|  244.0000 |     -15.6427 |   -68.6474 |  66856.6355 |
|  245.0000 |     -15.7769 |   -66.2242 |  67504.4054 |
|  246.0000 |     -15.9062 |   -63.7763 |  68130.6996 |
|  247.0000 |     -16.0306 |   -61.3048 |  68735.0915 |
|  248.0000 |     -16.1501 |   -58.8102 |  69317.1636 |
|  249.0000 |     -16.2646 |   -56.2936 |  69876.5081 |
|  250.0000 |     -16.3741 |   -53.7557 |  70412.7281 |
|  251.0000 |     -16.4785 |   -51.1974 |  70925.4379 |
|  252.0000 |     -16.5778 |   -48.6196 |  71414.2645 |
|  253.0000 |     -16.6719 |   -46.0233 |  71878.8480 |
|  254.0000 |     -16.7609 |   -43.4093 |  72318.8427 |
|  255.0000 |     -16.8447 |   -40.7786 |  72733.9177 |
|  256.0000 |     -16.9231 |   -38.1322 |  73123.7579 |
|  257.0000 |     -16.9964 |   -35.4711 |  73488.0646 |
|  258.0000 |     -17.0643 |   -32.7962 |  73826.5563 |
|  259.0000 |     -17.1268 |   -30.1085 |  74138.9692 |
|  260.0000 |     -17.1841 |   -27.4091 |  74425.0585 |
|  261.0000 |     -17.2359 |   -24.6989 |  74684.5979 |
|  262.0000 |     -17.2823 |   -21.9791 |  74917.3814 |
|  263.0000 |     -17.3233 |   -19.2507 |  75123.2229 |
|  264.0000 |     -17.3589 |   -16.5147 |  75301.9571 |
|  265.0000 |     -17.3890 |   -13.7722 |  75453.4399 |
|  266.0000 |     -17.4137 |   -11.0243 |  75577.5487 |
|  267.0000 |     -17.4329 |    -8.2720 |  75674.1827 |
|  268.0000 |     -17.4466 |    -5.5165 |  75743.2634 |
|  269.0000 |     -17.4549 |    -2.7588 |  75784.7344 |
|  270.0000 |     -17.4576 |    -0.0000 |  75798.5618 |
|  271.0000 |     -17.4549 |     2.7588 |  75784.7344 |
|  272.0000 |     -17.4466 |     5.5165 |  75743.2634 |
|  273.0000 |     -17.4329 |     8.2720 |  75674.1827 |
|  274.0000 |     -17.4137 |    11.0243 |  75577.5487 |
|  275.0000 |     -17.3890 |    13.7722 |  75453.4399 |
|  276.0000 |     -17.3589 |    16.5147 |  75301.9571 |
|  277.0000 |     -17.3233 |    19.2507 |  75123.2229 |
|  278.0000 |     -17.2823 |    21.9791 |  74917.3814 |
|  279.0000 |     -17.2359 |    24.6989 |  74684.5979 |
|  280.0000 |     -17.1841 |    27.4091 |  74425.0585 |
|  281.0000 |     -17.1268 |    30.1085 |  74138.9692 |
|  282.0000 |     -17.0643 |    32.7962 |  73826.5563 |
|  283.0000 |     -16.9964 |    35.4711 |  73488.0646 |
|  284.0000 |     -16.9231 |    38.1322 |  73123.7579 |
|  285.0000 |     -16.8447 |    40.7786 |  72733.9177 |
|  286.0000 |     -16.7609 |    43.4093 |  72318.8427 |
|  287.0000 |     -16.6719 |    46.0233 |  71878.8480 |
|  288.0000 |     -16.5778 |    48.6196 |  71414.2645 |
|  289.0000 |     -16.4785 |    51.1974 |  70925.4379 |
|  290.0000 |     -16.3741 |    53.7557 |  70412.7281 |
|  291.0000 |     -16.2646 |    56.2936 |  69876.5081 |
|  292.0000 |     -16.1501 |    58.8102 |  69317.1636 |
|  293.0000 |     -16.0306 |    61.3048 |  68735.0915 |
|  294.0000 |     -15.9062 |    63.7763 |  68130.6996 |
|  295.0000 |     -15.7769 |    66.2242 |  67504.4054 |
|  296.0000 |     -15.6427 |    68.6474 |  66856.6355 |
|  297.0000 |     -15.5038 |    71.0453 |  66187.8242 |
|  298.0000 |     -15.3601 |    73.4171 |  65498.4132 |
|  299.0000 |     -15.2117 |    75.7620 |  64788.8505 |
|  300.0000 |     -15.0586 |    78.0794 |  64059.5891 |
|  301.0000 |     -14.9010 |    80.3686 |  63311.0871 |
|  302.0000 |     -14.7389 |    82.6288 |  62543.8059 |
|  303.0000 |     -14.5723 |    84.8595 |  61758.2100 |
|  304.0000 |     -14.4013 |    87.0599 |  60954.7657 |
|  305.0000 |     -14.2259 |    89.2296 |  60133.9408 |
|  306.0000 |     -14.0463 |    91.3678 |  59296.2037 |
|  307.0000 |     -13.8624 |    93.4741 |  58442.0222 |
|  308.0000 |     -13.6744 |    95.5479 |  57571.8636 |
|  309.0000 |     -13.4822 |    97.5886 |  56686.1932 |
|  310.0000 |     -13.2861 |    99.5958 |  55785.4744 |
|  311.0000 |     -13.0860 |   101.5690 |  54870.1675 |
|  312.0000 |     -12.8820 |   103.5077 |  53940.7294 |
|  313.0000 |     -12.6742 |   105.4114 |  52997.6127 |
|  314.0000 |     -12.4626 |   107.2798 |  52041.2659 |
|  315.0000 |     -12.2473 |   109.1125 |  51072.1321 |
|  316.0000 |     -12.0285 |   110.9090 |  50090.6489 |
|  317.0000 |     -11.8061 |   112.6690 |  49097.2482 |
|  318.0000 |     -11.5802 |   114.3921 |  48092.3553 |
|  319.0000 |     -11.3509 |   116.0780 |  47076.3891 |
|  320.0000 |     -11.1184 |   117.7264 |  46049.7612 |
|  321.0000 |     -10.8825 |   119.3370 |  45012.8761 |
|  322.0000 |     -10.6436 |   120.9094 |  43966.1307 |
|  323.0000 |     -10.4015 |   122.4435 |  42909.9143 |
|  324.0000 |     -10.1564 |   123.9390 |  41844.6079 |
|  325.0000 |      -9.9084 |   125.3956 |  40770.5848 |
|  326.0000 |      -9.6575 |   126.8131 |  39688.2098 |
|  327.0000 |      -9.4038 |   128.1913 |  38597.8393 |
|  328.0000 |      -9.1475 |   129.5299 |  37499.8217 |
|  329.0000 |      -8.8885 |   130.8289 |  36394.4965 |
|  330.0000 |      -8.6269 |   132.0880 |  35282.1950 |
|  331.0000 |      -8.3629 |   133.3070 |  34163.2401 |
|  332.0000 |      -8.0965 |   134.4859 |  33037.9463 |
|  333.0000 |      -7.8279 |   135.6244 |  31906.6196 |
|  334.0000 |      -7.5569 |   136.7224 |  30769.5579 |
|  335.0000 |      -7.2839 |   137.7799 |  29627.0511 |
|  336.0000 |      -7.0088 |   138.7966 |  28479.3808 |
|  337.0000 |      -6.7316 |   139.7724 |  27326.8211 |
|  338.0000 |      -6.4526 |   140.7074 |  26169.6382 |
|  339.0000 |      -6.1718 |   141.6013 |  25008.0910 |
|  340.0000 |      -5.8893 |   142.4542 |  23842.4309 |
|  341.0000 |      -5.6050 |   143.2658 |  22672.9026 |
|  342.0000 |      -5.3192 |   144.0362 |  21499.7437 |
|  343.0000 |      -5.0320 |   144.7653 |  20323.1854 |
|  344.0000 |      -4.7433 |   145.4530 |  19143.4526 |
|  345.0000 |      -4.4533 |   146.0993 |  17960.7642 |
|  346.0000 |      -4.1620 |   146.7040 |  16775.3336 |
|  347.0000 |      -3.8696 |   147.2673 |  15587.3685 |
|  348.0000 |      -3.5761 |   147.7889 |  14397.0717 |
|  349.0000 |      -3.2816 |   148.2690 |  13204.6412 |
|  350.0000 |      -2.9861 |   148.7074 |  12010.2706 |
|  351.0000 |      -2.6899 |   149.1042 |  10814.1495 |
|  352.0000 |      -2.3929 |   149.4592 |   9616.4637 |
|  353.0000 |      -2.0952 |   149.7726 |   8417.3955 |
|  354.0000 |      -1.7970 |   150.0442 |   7217.1246 |
|  355.0000 |      -1.4983 |   150.2740 |   6015.8275 |
|  356.0000 |      -1.1991 |   150.4621 |   4813.6788 |
|  357.0000 |      -0.8996 |   150.6084 |   3610.8512 |
|  358.0000 |      -0.5999 |   150.7128 |   2407.5157 |
|  359.0000 |      -0.3000 |   150.7755 |   1203.8423 |
|  360.0000 |      -0.0000 |   150.7964 |      0.0000 |
==================================================================================================================================
